00000010 pushimm 1                  
00000001
00000011 pushext B
11111111
11111101
00001001 sub                             
00000101 popext 0200
00000010
00000000
00000011 pushext B
11111111
11111101
00000101 popext 0201
00000010
00000001
00000011 pushext 0201
00000010
00000001
00000011 pushext 0200
00000010
00000000
00001000 add
00000101 popext 0200
00000010
00000000
00000010 pushimm 1
00000001
00000011 pushext 0201
00000010
00000001
00001001 sub
00000110 jnz 0007
00000000
00001100
00000100 popinh
00000011 pushext 0200
00000010
00000000
00000101 popext FFFE
11111111
11111110
00000001 halt